0 0.135709 0.070495 0.084599 0.079507 0.079122 0.048448 0.130233 0.039435
0 1.010303 0.369723 0.920874 0.366287 0.923375 0.301191 1.012804 0.304626
0 0.102234 0.356421 0.142381 0.373379 0.128415 0.406440 0.088268 0.389481
0 0.247031 0.324624 0.309026 0.322892 0.310181 0.364246 0.248186 0.365978
0 0.318091 0.111352 0.238435 0.106061 0.241068 0.066413 0.320724 0.071703
0 0.425534 0.119605 0.341385 0.108676 0.347159 0.064217 0.431308 0.075146
0 0.639594 0.117090 0.549301 0.087404 0.563867 0.043102 0.654160 0.072789
0 1.012930 0.119267 0.937081 0.132641 0.927021 0.075589 1.002871 0.062214
0 0.642426 0.376046 0.566577 0.389420 0.556517 0.332368 0.632366 0.318993
0 0.432341 0.359763 0.351757 0.373972 0.341697 0.316920 0.422281 0.302711
