0 0.452860 0.410650 0.491272 0.410985 0.491082 0.432787 0.452670 0.432452
0 0.280382 0.422298 0.315741 0.422607 0.315507 0.449409 0.280148 0.449100
0 0.192666 0.415968 0.235453 0.416341 0.235219 0.443143 0.192432 0.442770
0 0.030370 0.251244 0.141880 0.285762 0.124486 0.341953 0.012976 0.307435
0 0.825453 0.338537 0.899029 0.323032 0.907624 0.363819 0.834048 0.379324
0 0.645473 0.418155 0.683700 0.419356 0.682964 0.442758 0.644738 0.441557
0 0.770080 0.419861 0.812554 0.415547 0.814920 0.438841 0.772446 0.443155
0 0.595387 0.428734 0.633589 0.429934 0.632690 0.458526 0.594488 0.457325
0 0.494323 0.439155 0.522530 0.440041 0.521687 0.466855 0.493480 0.465968
0 0.104741 0.383362 0.160675 0.385120 0.159394 0.425869 0.103460 0.424111
0 0.016558 0.034787 0.113790 -0.018226 0.147264 0.043170 0.050032 0.096183
